552
138
680
491
182
826
513
480
117
897
397
624
715
782
357
548
48
957
750
361
571
970
692
893
561
133
457
176
735
495
172
565
583
32
961
264
595
707
341
770
202
204
855
844
259
131
861
352
805
420
478
455
270
957
900
599
723
969
312
771
299
248
793
413
611
311
185
225
777
743
378
809
69
495
423
712
332
125
446
899
305
552
597
469
505
587
862
727
61
107
878
193
543
92
933
825
22
434
784
897
322
616
289
528
122
284
271
529
194
273
784
876
981
227
690
213
157
23
720
457
589
832
758
217
665
807
408
520
258
263
684
553
664
482
279
883
953
310
111
76
180
132
47
244
963
29
978
416
795
908
822
51
182
21
121
692
812
903
187
787
741
823
934
601
323
474
119
59
534
912
461
532
124
579
280
405
982
333
856
586
796
491
740
147
350
836
968
468
147
942
633
979
716
429
372
964
619
758
993
331
325
958
853
151
899
924
683
617
121
892
383
336
508
483
52
552
545
907
341
717
963
215
570
941
686
102
362
76
594
167
239
229
679
137
544
42
459
575
541
525
875
412
478
635
729
794
769
807
866
747
71
742
821
845
469
61
839
448
481
761
239
730
51
736
927
697
803
770
675
845
926
170
281
389
168
418
94
675
760
123
879
579
472
395
592
942
910
621
704
228
504
631
689
791
36
672
170
466
88
860
343
798
495
786
495
463
478
387
175
860
15
717
683
21
971
73
259
152
432
6
688
424
416
468
906
510
615
235
106
952
492
285
478
616
709
685
609
976
646
413
207
409
937
43
662
678
169
912
528
98
464
306
470
453
545
711
440
693
690
560
691
940
20
795
632
196
142
212
173
246
104
669
66
274
364
888
26
999
683
794
678
723
558
868
466
609
268
629
142
234
340
73
987
172
499
312
495
151
221
965
974
785
766
602
320
102
168
820
453
104
687
403
426
663
365
820
200
697
699
918
143
249
397
242
888
601
356
892
391
948
606
269
889
615
312
16
908
218
246
296
858
518
633
448
229
13
702
505
509
542
206
130
670
36
385
613
164
455
562
175
508
363
277
250
621
172
100
339
841
437
298
106
870
894
751
259
504
657
576
339
667
700
38
451
288
616
837
0
69
670
140
905
12
230
130
367
330
970
130
447
685
122
931
412
482
237
570
685
901
919
549
794
794
242
498
328
960
639
934
891
449
286
163
254
471
200
448
681
313
529
747
586
155
715
520
702
497
717
663
262
228
191
748
466
752
910
203
354
569
134
83
395
55
168
698
585
853
237
918
166
964
378
885
610
1000
533
415
784
24
880
567
0
584
954
157
477
689
715
151
696
53
855
506
983
729
483
696
583
116
753
508
484
595
681
761
913
5
600
859
308
93
856
346
111
348
22
69
562
99
21
301
268
295
59
852
290
270
770
754
710
849
51
92
823
163
529
679
350
521
333
832
178
873
456
432
927
325
634
464
182
42
846
693
249
760
227
21
44
399
984
453
617
163
757
545
858
441
531
158
849
631
904
361
536
541
999
405
517
655
13
44
655
780
440
72
364
218
545
309
853
483
187
482
126
540
151
293
689
285
407
144
15
291
684
679
199
459
195
779
564
245
943
21
335
499
532
155
621
845
137
206
603
849
79
683
402
940
659
719
791
80
691
770
461
753
589
304
856
507
369
140
136
166
234
772
786
215
960
11
558
296
61
860
3
604
40
622
720
533
495
231
205
628
734
754
533
608
73
966
636
605
939
401
380
692
658
349
938
850
59
717
605
284
67
964
876
799
149
701
796
335
139
326
819
235
464
691
673
72
387
870
491
650
619
722
576
122
982
988
96
807
373
681
593
427
515
422
804
904
224
371
830
985
352
596
475
947
707
821
330
775
210
234
901
235
819
96
121
738
278
276
547
174
46
161
592
431
140
311
635
37
454
857
143
177
613
957
683
405
321
239
42
939
573
925
988
406
96
592
655
549
654
248
126
33
354
870
476
832
455
682
541
282
895
997
654
433
764
273
764
394
929
726
204
299
53
919
993
273
780
229
768
20
262
678
390
737
612
261
113
638
84
850
101
969
1
387
718
955
759
422
997
420
184
587
650
978
180
548
812
473
65
974
218
698
451
832
629
602
570
295
512
725
418
639
339
256
921
620
197
707
627
495
858
928
162
86
34
903
172
590
17
905
548
877
444
479
536
691
497
83
976
951
663
886
334
593
638
779
293
62
395
24
84
709
27
975
198
611
810
913
483
201
784
894
708
471
948
426
801
515
622
726
872
55
53
805
369
506
940
183
41
749
641
494
411
387
183
83
34
821
976
578
825
167
61
721
505
584
864
212
322
287
739
368
770
599
251
549
416
779
702
856
89
811
560
710
351
319
239
669
696
245
187
840
946
900
379
489
476
786
412
511
652
468
301
985
829
745
758
842
616
77
236
497
541
66
218
922
358
801
451
267
105
721
485
989
73
158
866
728
640
109
237
702
221
398
352
520
243
407
351
760
373
380
168
539
400
283
26
812
402
590
576
860
628
69
171
153
668
714
924
210
431
865
376
43
547
711
263
712
93
505
94
225
514
364
881
212
119
982
658
956
453
75
813
46
640
267
503
608
830
584
773
911
799
983
687
942
108
124
82
847
164
565
930
79
116
774
543
974
717
630
755
579
796
857
956
830
811
902
51
128
705
743
966
147
139
18
723
929
217
815
959
877
999
210
953
663
753
460
333
929
84
637
404
706
512
454
231
549
600
761
228
687
827
688
357
76
297
352
129
154
795
623
654
726
746
762
561
826
672
323
385
947
516
58
336
872
19
877
631
785
939
240
726
9
298
722
401
885
549
977
572
300
921
176
97
26
943
603
327
243
391
414
620
730
676
131
662
549
809
526
511
128
560
225
708
76
815
26
739
804
832
631
534
730
859
512
453
234
631
867
996
892
57
614
120
378
684
530
793
615
765
608
752
620
24
772
708
485
865
397
20
35
266
975
386
32
352
243
415
533
130
791
738
879
951
912
444
898
626
956
53
425
676
591
735
383
109
944
364
722
249
64
681
87
389
459
257
869
991
668
577
365
872
868
878
433
458
199
907
959
554
393
91
607
146
828
37
619
639
417
262
81
350
775
414
256
615
164
171
769
137
295
166
86
914
340
438
699
741
192
630
549
491
737
410
493
755
555
746
738
648
565
96
120
383
663
387
779
933
761
1000
758
497
889
600
1
581
947
885
226
518
945
52
119
204
693
842
522
729
127
334
941
170
481
757
267
692
29
683
69
209
705
179
816
124
432
744
444
407
474
893
541
199
36
702
36
39
927
733
682
576
486
417
729
703
316
682
860
194
988
407
712
693
373
690
311
718
105
38
736
6
3
924
982
495
958
819
419
265
385
92
737
3
47
291
1
763
369
920
97
651
682
797
94
25
690
534
182
577
30
86
140
855
534
608
772
90
439
212
282
769
627
341
93
355
739
811
922
755
241
772
209
352
612
641
175
978
77
431
928
793
547
866
701
934
484
466
10
703
880
653
775
384
743
275
833
120
981
616
253
691
409
284
843
106
897
670
44
823
838
214
122
356
611
445
15
37
537
719
7
666
591
294
32
197
270
843
621
85
105
575
625
373
8
292
975
913
273
663
359
947
776
628
514
23
402
365
322
886
325
613
783
441
278
986
354
45
819
1
142
537
38
782
523
950
876
437
763
277
208
816
656
515
342
439
325
90
421
319
998
140
157
158
770
214
691
219
704
576
782
971
146
7
905
644
189
70
422
240
737
518
515
57
60
147
969
22
249
285
924
207
516
571
11
230
611
326
636
24
374
756
856
965
659
658
919
734
897
292
316
901
696
683
213
676
746
795
804
336
135
176
449
706
867
294
419
962
701
128
124
366
42
81
592
377
196
717
819
627
367
538
890
588
866
112
53
945
446
51
58
208
326
640
907
177
104
967
858
356
393
95
478
955
371
171
585
990
391
306
248
787
142
533
20
98
484
650
456
564
789
505
529
581
919
786
810
152
115
489
548
468
255
887
832
167
114
368
226
431
340
588
394
991
130
821
180
95
299
141
576
78
613
17
14
516
614
680
171
474
877
161
349
73
651
469
834
54
901
944
708
131
739
98
811
760
91
903
173
459
368
671
523
738
672
379
835
560
792
593
151
736
112
736
448
670
754
231
820
422
705
359
391
945
8
883
259
890
479
385
789
651
243
468
862
312
198
141
794
52
247
532
231
8
706
851
532
888
450
431
642
819
467
777
796
230
472
426
373
767
315
694
256
265
887
43
224
777
273
214
204
971
905
50
817
570
170
30
522
672
335
579
188
618
981
293
77
597
282
568
965
332
586
47
829
906
683
778
865
446
157
220
908
718
913
674
970
291
755
577
949
889
651
868
630
693
692
671
293
150
366
566
17
520
325
967
738
432
682
597
800
62
787
924
27
325
519
577
414
578
564
870
177
240
712
353
761
396
620
891
590
135
671
735
610
33
313
959
758
762
180
147
399
771
73
860
324
400
501
980
636
742
596
137
768
738
654
912
623
133
837
32
921
43
576
279
553
266
251
288
833
655
595
970
379
240
67
679
15
822
936
322
965
770
799
919
293
420
946
860
453
640
249
694
557
71
588
262
64
794
914
558
70
943
510
398
982
80
551
705
866
199
81
832
267
276
554
282
925
251
829
297
355
919
715
660
771
250
410
939
907
885
876
633
245
897
61
40
30
777
879
520
96
684
844
296
958
82
671
794
292
895
597
248
498
384
136
439
904
336
732
654
490
669
321
486
196
476
639
954
192
913
278
868
538
843
192
812
414
695
358
317
976
94
746
124
663
445
105
513
1
578
498
326
575
133
406
412
863
53
637
301
45
794
482
195
996
990
399
736
84
931
205
838
500
462
901
873
677
120
698
219
500
717
582
996
696
388
219
470
499
467
183
638
365
639
308
735
199
902
250
709
250
834
814
529
893
250
168
907
67
374
537
710
615
302
142
538
532
622
182
511
912
417
396
386
277
925
301
267
413
440
310
754
391
19
747
277
348
300
697
815
305
199
486
106
418
916
395
432
151
110
908
442
208
221
396
27
890
761
915
54
583
679
69
11
521
778
61
147
241
152
900
483
246
712
965
498
277
786
73
284
705
388
590
474
773
646
226
127
738
338
132
944
636
546
803
470
491
241
907
352
212
275
209
18
976
484
460
475
691
996
485
149
138
249
432
766
564
856
810
764
957
209
185
552
945
92
984
43
311
11
614
706
777
399
660
149
120
238
933
628
134
369
559
129
785
832
620
722
274
859
788
240
763
765
756
643
507
926
694
881
705
493
983
728
171
496
331
164
388
413
41
636
919
66
301
770
194
342
267
989
154
944
148
456
2
65
256
889
516
209
358
57
96
256
766
677
214
234
896
670
571
135
930
174
597
160
454
423
710
86
481
573
788
900
67
46
133
770
391
539
443
754
626
406
36
380
524
971
223
74
565
778
655
462
368
885
18
379
966
362
713
995
202
971
920
844
738
59
705
43
745
774
330
638
947
410
700
31
3
117
164
237
577
383
230
514
487
391
966
85
897
667
68
821
153
472
896
308
532
765
106
953
589
776
474
711
233
283
490
224
391
290
842
90
157
594
275
284
554
225
512
430
337
806
730
776
104
158
0
896
59
641
44
245
705
107
817
537
924
211
2
773
801
730
211
769
242
726
695
243
888
568
853
148
1
784
309
365
754
73
236
835
393
645
217
790
259
19
623
792
374
93
561
497
360
65
651
787
429
976
730
55
967
484
283
727
876
238
773
394
432
150
310
399
557
574
515
770
891
969
44
838
173
694
769
774
880
232
29
432
163
830
193
706
406
716
223
357
379
581
541
114
101
823
390
592
947
789
961
905
380
353
307
148
263
707
778
833
946
810
401
558
772
178
865
943
268
414
79
528
157
798
511
308
874
456
401
776
9
914
1
884
124
422
857
857
22
312
688
318
673
334
824
121
681
54
972
88
959
987
513
323
418
323
702
790
511
473
582
911
695
638
965
956
538
366
53
984
693
526
182
133
265
67
330
435
320
749
272
664
330
682
754
160
548
376
189
671
447
680
385
438
278
77
983
7
668
998
296
189
678
642
907
668
147
75
375
524
681
930
528
514
436
73
176
250
176
71
651
525
194
220
806
233
842
396
869
982
296
149
594
876
50
897
163
347
224
849
639
769
230
66
407
61
320
194
927
274
330
798
422
142
390
99
928
930
994
972
337
169
837
782
694
669
158
112
4
280
560
557
971
377
511
954
470
575
787
447
916
518
934
391
237
234
826
478
384
140
639
246
334
422
880
943
747
890
294
235
326
364
710
473
714
641
554
607
736
748
87
306
377
448
116
175
418
829
274
189
719
503
757
265
991
861
343
940
737
645
828
766
820
851
905
417
99
910
152
686
214
696
3
267
361
713
215
595
596
360
897
443
347
144
702
764
452
170
585
495
954
20
3
899
471
553
375
151
702
475
471
90
691
823
363
530
508
529
299
904
13
617
42
265
351
163
868
89
580
392
142
324
706
640
710
287
149
19
400
17
576
131
16
439
250
23
619
494
444
894
919
356
89
297
317
619
101
206
760
778
714
244
535
847
90
617
450
691
127
706
538
998
412
734
84
529
293
858
45
144
271
587
243
105
135
882
947
359
873
297
214
664
208
991
289
28
33
939
74
513
580
524
817
426
520
220
951
682
595
940
279
550
194
940
569
271
603
796
339
268
380
975
312
521
575
824
874
827
443
471
977
745
364
640
567
301
857
421
115
108
758
41
411
795
958
870
413
279
621
975
967
529
813
316
355
389
20
901
187
712
124
143
495
841
253
377
232
263
790
114
8
638
383
28
697
198
916
491
808
903
564
192
736
661
230
961
550
270
316
862
156
656
633
41
840
788
562
291
267
197
830
930
127
149
261
409
733
959
232
767
499
561
256
889
201
435
319
370
715
540
267
18
112
445
16
391
991
541
867
513
804
248
284
961
792
507
244
970
178
985
567
404
338
731
560
340
457
310
49
407
355
615
210
309
764
418
986
995
124
630
358
317
482
812
293
814
202
261
825
666
925
817
767
569
109
236
277
22
154
604
338
677
223
987
188
741
265
331
77
681
331
818
332
363
681
109
720
66
330
175
48
47
796
336
961
272
213
816
572
396
951
206
45
994
774
40
269
60
208
604
6
521
522
545
519
678
680
622
244
930
613
74
39
108
754
552
157
456
533
930
343
0
64
463
758
951
600
294
828
401
268
247
695
926
667
467
578
91
477
574
193
750
3
551
722
62
228
367
977
455
129
21
329
385
599
181
921
815
740
94
790
322
351
906
732
199
235
355
762
488
660
813
931
433
420
949
110
95
948
730
929
683
480
263
509
546
111
7
231
219
859
816
353
709
213
784
652
800
973
193
21
576
579
691
398
782
636
373
299
472
0
149
850
444
759
146
209
185
642
645
321
817
262
242
403
92
0
713
113
351
904
433
426
645
597
141
109
889
559
6
271
253
713
370
407
524
386
692
418
442
989
391
199
146
585
359
937
726
45
75
931
592
473
105
10
513
129
732
453
901
526
665
175
504
773
484
649
974
941
875
417
333
395
334
850
41
336
171
648
452
303
477
771
706
489
304
423
42
345
845
272
487
35
232
961
43
64
989
270
146
571
846
677
928
843
478
541
223
741
94
984
586
450
264
608
644
377
132
75
694
34
535
706
291
164
428
513
219
78
135
723
560
951
284
622
515
837
489
310
317
695
892
85
483
246
315
914
812
623
378
740
359
868
609
87
134
795
778
598
289
250
745
343
791
906
174
2
641
576
264
885
615
152
993
227
549
233
201
908
4
158
73
10
638
927
7
132
488
103
296
725
824
714
856
7
495
345
539
728
195
732
759
661
486
233
155
421
821
38
848
570
375
485
611
926
897
433
867
796
850
547
861
121
713
255
585
993
303
982
75
863
74
770
799
912
784
525
406
957
848
447
795
268
403
774
322
848
835
92
253
70
710
706
102
561
956
391
643
243
774
6
674
374
435
605
832
83
634
677
499
589
749
239
644
572
284
144
452
836
691
663
772
219
806
144
750
330
512
577
345
799
573
400
578
264
679
597
370
528
971
172
570
518
252
87
899
696
825
308
497
679
67
556
908
752
793
208
616
988
969
312
601
268
387
839
617
172
456
853
950
63
328
686
4
749
595
557
913
973
627
288
707
890
480
767
827
941
194
98
848
140
324
76
850
967
132
193
515
667
501
126
933
476
598
117
954
613
564
680
773
676
381
958
67
667
262
451
980
685
267
930
888
236
2
230
441
643
210
838
135
472
861
889
34
846
276
530
201
269
236
518
511
728
356
584
1
78
875
136
10
481
167
191
737
462
872
946
993
642
788
271
393
499
900
50
980
367
920
399
30
753
80
170
636
565
949
958
710
100
760
568
228
96
182
593
929
970
954
929
628
459
122
459
100
852
285
12
583
705
589
816
4
635
774
782
67
147
947
4
536
999
729
980
116
24
165
221
103
885
235
113
259
272
820
894
550
139
143
401
872
476
425
215
384
71
686
133
109
448
937
526
571
727
978
533
366
100
355
763
964
647
449
917
666
816
905
613
356
311
253
707
803
432
260
304
820
662
428
234
958
278
144
584
737
68
334
124
99
7
520
863
45
314
119
462
921
148
775
611
486
50
482
302
221
136
127
401
62
858
577
634
397
639
790
790
94
280
824
148
865
371
716
884
275
891
587
181
62
858
461
457
891
852
871
521
402
376
35
615
823
135
65
33
183
410
333
48
393
859
206
457
466
992
358
737
547
714
298
516
680
17
913
685
277
225
551
795
952
935
940
851
204
456
756
481
256
712
803
990
459
815
481
135
314
92
709
962
460
72
31
79
848
624
22
901
247
120
470
996
5
538
334
436
399
891
486
790
378
645
545
982
757
275
581
165
457
870
92
279
449
812
311
264
732
344
800
383
98
500
204
73
391
887
240
96
312
284
314
133
106
145
630
815
144
466
336
505
382
614
551
63
672
138
398
442
886
998
396
229
418
437
823
138
542
897
174
97
3
883
445
531
763
386
263
987
342
855
220
424
879
548
74
598
388
687
469
919
982
78
305
614
321
694
839
319
855
233
642
174
649
455
87
1000
766
351
998
797
814
730
650
435
136
738
211
629
767
7
966
762
375
652
721
629
799
839
943
754
366
878
688
321
942
207
611
906
757
526
720
872
824
961
446
452
371
706
793
747
865
293
180
861
63
632
500
880
577
562
507
258
121
101
408
445
392
260
314
446
187
483
111
382
739
395
485
379
644
209
344
468
963
864
286
157
24
464
911
573
927
985
193
377
606
242
552
902
512
261
668
255
947
22
787
955
352
747
490
415
972
843
923
776
893
159
131
588
717
423
148
711
994
147
569
962
964
200
520
854
713
820
841
275
293
642
816
448
876
588
688
463
260
169
453
613
654
391
980
226
95
808
433
106
619
189
805
696
474
296
691
64
168
418
602
660
940
889
725
829
80
367
555
829
63
969
638
888
267
66
27
430
877
176
604
479
877
71
19
427
903
321
161
677
682
301
880
250
511
737
993
811
822
464
237
47
293
863
688
487
355
242
120
565
258
725
662
415
551
617
344
61
84
41
32
912
435
404
817
142
571
816
822
470
438
959
129
325
395
640
855
850
58
830
276
281
280
761
86
590
156
988
89
874
558
342
583
739
487
506
795
888
565
243
570
428
103
385
466
808
964
513
804
918
640
69
710
72
915
552
48
996
741
486
942
972
761
454
683
611
152
582
797
491
614
193
994
333
786
146
74
708
827
867
208
260
277
913
262
41
683
604
397
224
776
348
53
592
557
509
666
863
742
710
267
87
366
455
386
214
418
640
907
742
925
780
348
508
165
115
819
600
963
637
362
601
53
749
955
10
119
883
762
610
985
871
686
396
139
723
598
954
251
83
990
356
835
100
530
800
0
63
93
992
793
275
162
778
395
760
138
94
751
975
784
1000
144
775
196
18
503
317
487
532
782
715
87
229
434
489
180
202
253
602
114
416
481
25
235
167
172
902
967
47
394
204
684
204
843
78
705
860
513
722
317
860
423
156
650
231
238
175
206
557
947
188
38
543
815
818
48
400
75
877
226
125
109
658
270
776
923
542
653
992
945
111
669
504
188
274
303
130
584
250
755
623
482
790
158
985
381
404
186
46
995
382
869
980
933
473
431
602
793
992
363
694
171
157
126
511
970
97
95
600
94
551
437
603
999
179
195
379
761
449
736
83
907
810
308
183
462
743
833
747
287
15
187
751
105
799
766
253
315
566
482
199
498
298
824
4
794
475
663
79
748
544
402
807
644
405
780
558
308
391
530
955
138
111
164
151
404
580
248
789
779
52
31
838
17
358
538
622
959
238
387
541
652
484
950
32
515
749
742
385
575
203
229
902
718
542
536
984
877
548
838
511
236
642
85
310
27
778
407
156
147
240
61
750
424
692
200
818
528
730
763
691
286
145
397
698
495
525
571
323
858
606
342
28
180
119
141
790
392
3
77
497
531
964
849
781
612
531
291
837
1
73
469
438
314
203
672
466
701
736
689
619
179
401
557
98
275
451
121
361
524
411
683
952
618
144
297
433
553
492
80
823
742
318
277
916
847
520
194
503
936
660
761
204
206
878
720
388
841
661
566
887
204
962
671
955
979
883
130
452
652
674
74
881
8
842
16
124
161
199
3
906
861
0
582
201
701
733
454
597
407
921
80
214
542
407
277
289
800
451
755
211
884
388
307
628
421
308
886
686
544
607
273
340
246
37
726
803
457
904
711
556
741
415
139
471
875
633
276
98
613
351
921
213
889
330
869
815
6
531
688
172
276
686
473
12
675
32
791
917
162
183
624
198
804
566
98
474
249
270
230
181
34
69
846
8
117
921
196
99
225
112
458
634
783
992
865
202
664
654
586
183
13
350
328
934
393
276
576
803
447
375
672
833
937
7
740
540
913
716
22
258
14
904
814
515
208
404
200
459
55
0
173
607
139
181
216
683
997
468
865
514
755
514
628
318
959
9
288
389
558
264
144
119
949
215
110
275
791
999
462
989
860
640
660
22
89
925
480
68
1000
788
698
260
469
238
656
587
778
783
463
270
907
13
577
640
754
543
880
357
632
828
172
758
436
360
932
403
323
18
596
338
985
57
520
795
219
870
242
549
993
290
53
837
897
309
663
288
795
653
733
331
776
430
651
951
30
61
250
465
85
277
362
190
71
792
252
842
419
109
931
266
385
539
96
428
743
139
87
981
372
938
373
559
35
937
673
941
106
595
421
226
201
901
779
773
851
582
853
616
567
780
337
66
104
753
218
393
896
595
3
304
94
829
924
378
91
299
149
586
911
903
937
87
221
869
157
875
0
245
599
649
427
677
76
35
615
307
488
285
647
305
575
867
853
421
9
866
74
856
354
628
945
110
537
361
952
755
489
654
220
81
69
260
441
244
925
409
92
261
478
611
893
980
485
364
341
464
726
131
806
55
668
833
760
531
64
219
961
862
796
472
492
935
927
439
888
14
494
494
6
479
68
789
1
568
320
533
20
596
306
118
735
699
387
178
888
391
783
848
2
441
992
377
194
324
780
317
237
751
740
582
484
44
16
169
74
55
724
488
826
554
442
723
600
114
97
932
537
980
477
974
43
573
345
169
681
23
731
789
677
449
499
388
974
836
311
241
536
781
499
211
447
696
557
75
759
699
458
326
791
870
639
196
437
897
369
311
715
861
845
958
487
401
696
681
739
539
372
433
736
409
554
932
864
932
986
566
969
181
603
18
435
859
514
899
84
950
532
184
79
941
327
383
941
342
774
880
201
600
372
498
39
215
337
606
727
912
907
562
20
323
822
372
853
780
472
615
184
760
526
598
835
566
167
360
853
599
338
700
178
848
361
116
369
437
952
319
225
561
114
344
451
770
952
379
835
71
861
517
671
221
913
683
54
441
740
61
858
331
893
913
712
210
127
820
450
696
215
360
687
443
766
393
731
942
134
704
547
550
561
336
238
558
99
269
605
298
438
185
842
199
652
210
151
12
473
911
895
838
794
99
269
67
371
801
676
923
282
3
654
346
191
173
558
813
52
813
50
244
772
283
152
869
268
546
524
567
509
668
738
552
7
931
954
222
541
310
462
62
878
730
972
269
647
702
498
826
736
492
84
572
353
672
595
949
694
707
469
75
256
522
870
922
401
558
339
418
234
928
887
608
500
372
152
212
887
264
908
548
571
877
515
877
804
29
15
244
861
127
189
395
859
223
439
567
643
398
289
472
804
938
147
189
521
840
9
392
840
265
690
205
609
486
862
519
545
432
490
852
136
424
51
527
69
448
327
900
400
312
683
743
174
860
792
41
272
902
459
441
207
370
59
449
24
210
412
85
88
765
251
690
488
949
841
274
446
669
541
964
159
842
897
641
784
278
978
911
850
235
491
66
801
701
924
938
118
508
564
645
506
114
647
733
52
797
774
926
931
589
869
735
278
610
398
691
44
813
818
775
723
848
191
977
422
292
415
983
284
442
892
171
394
336
419
443
232
452
146
803
601
552
595
563
35
597
140
441
470
18
863
980
384
213
784
322
446
962
658
265
911
459
819
427
448
257
797
46
559
970
507
645
133
67
851
337
225
807
612
71
186
311
778
496
129
626
845
532
897
279
816
342
264
907
372
918
170
510
608
340
709
780
604
776
412
991
356
25
255
200
302
252
241
321
555
895
286
303
3
446
651
846
886
239
536
614
431
953
511
614
304
979
352
847
449
745
780
458
551
447
402
903
120
229
108
889
809
29
809
453
593
813
873
375
308
116
648
924
225
237
540
890
153
397
16
63
78
626
622
770
51
94
3
904
295
482
171
651
333
97
129
390
140
479
441
377
168
212
614
799
537
638
812
35
22
665
821
875
605
277
999
391
393
825
946
282
894
361
522
926
836
337
882
517
58
530
567
556
386
297
388
47
96
818
477
417
419
812
989
531
613
321
814
891
519
578
628
907
110
706
30
179
665
54
30
507
547
679
305
892
907
765
322
502
110
724
776
131
583
319
129
399
765
113
320
900
921
573
657
189
328
935
786
234
548
427
193
824
277
877
108
253
633
606
89
484
698
195
583
886
12
893
828
261
632
830
268
643
818
973
259
899
35
296
368
980
12
81
582
780
560
717
730
818
603
778
437
127
845
560
494
858
895
104
203
354
123
400
981
895
252
540
785
881
536
620
628
621
213
760
528
796
884
546
41
352
453
173
5
978
148
716
934
564
794
127
81
934
632
644
290
708
253
510
496
504
414
483
263
490
120
812
851
507
601
815
710
983
909
74
139
883
672
436
370
122
482
987
464
961
291
934
906
777
132
664
670
980
9
775
244
517
361
578
948
710
973
6
468
451
465
948
711
329
30
919
283
943
583
287
956
570
497
659
414
557
783
494
63
774
369
800
18
880
770
12
410
566
973
66
815
908
504
299
92
917
57
257
317
184
283
460
37
215
711
621
662
878
673
125
714
495
561
594
927
27
753
496
800
238
58
869
775
325
784
870
475
872
765
859
735
164
420
423
370
342
386
80
25
252
311
386
784
115
343
653
451
32
66
954
115
759
244
217
544
577
565
292
619
454
357
752
26
53
403
716
454
894
468
49
594
526
809
792
460
534
249
391
40
377
712
232
364
548
831
711
204
740
180
719
544
338
294
901
220
463
826
642
164
878
728
51
150
474
192
874
424
338
60
978
124
357
695
874
377
42
881
909
84
42
105
947
389
773
232
61
930
66
619
226
998
26
32
758
721
27
926
82
811
40
58
627
251
833
224
695
861
215
128
291
226
842
569
103
920
39
143
318
743
303
738
96
244
268
658
436
867
132
55
963
968
269
857
515
732
833
242
974
662
606
29
507
950
749
199
141
549
743
191
892
460
961
408
573
4
778
526
118
876
908
452
615
358
321
944
528
420
554
523
60
125
547
439
965
956
3
872
366
201
816
551
610
309
23
731
469
659
178
731
103
687
660
971
945
646
6
634
694
890
156
341
619
190
131
618
742
431
156
762
565
833
740
659
425
777
454
230
349
981
350
561
654
566
929
517
307
785
337
637
871
127
71
724
662
683
450
765
257
611
879
141
100
41
203
140
976
151
115
456
656
82
924
88
251
916
604
27
322
647
82
419
379
523
147
952
806
386
392
846
980
876
837
959
667
180
585
835
272
310
267
195
25
516
608
856
404
609
394
211
3
548
489
403
308
224
732
765
722
685
832
212
143
539
803
432
616
195
54
877
339
341
354
809
598
234
716
679
585
411
923
191
628
6
704
521
113
987
68
227
812
97
429
65
430
30
553
664
240
929
354
378
926
617
242
934
204
1000
879
782
79
587
603
188
774
615
838
726
8
184
189
279
595
47
266
909
9
237
731
926
433
212
837
464
851
548
792
442
879
382
724
219
593
994
799
278
857
430
386
50
958
386
624
857
949
6
477
242
748
239
160
223
650
739
397
916
132
183
850
946
251
677
176
830
598
832
388
623
55
650
937
87
521
754
493
982
117
349
418
468
262
93
976
133
766
797
436
76
178
290
253
775
876
933
766
808
297
484
815
75
659
781
272
291
299
816
415
447
556
340
528
353
169
377
960
92
276
170
453
389
748
548
385
933
466
104
135
651
467
859
768
189
543
805
933
191
234
856
894
464
353
918
683
740
779
178
562
480
499
197
687
960
177
316
332
303
818
32
864
873
445
675
727
746
319
513
660
299
89
906
504
463
235
293
852
353
735
115
432
344
401
558
811
486
648
684
494
782
618
504
324
594
856
143
72
513
878
688
174
796
600
859
264
400
690
301
565
461
809
14
404
579
981
430
937
590
824
795
263
676
733
575
193
500
121
376
511
446
330
287
432
34
870
182
382
550
708
794
511
490
687
385
448
318
331
520
747
49
511
294
516
575
86
86
512
754
847
310
501
214
1000
293
939
744
31
401
734
257
34
232
703
954
838
976
194
899
946
464
256
807
701
515
899
612
860
883
745
632
229
969
689
820
995
408
270
297
190
956
368
150
905
155
530
882
324
319
452
985
610
99
546
194
860
40
279
904
13
114
836
781
895
950
856
429
196
542
608
771
405
381
546
183
85
849
58
552
676
918
874
381
266
737
328
250
149
533
383
362
420
627
537
67
621
913
458
797
793
368
477
447
815
590
316
156
833
633
99
132
729
574
668
295
475
784
906
115
280
14
457
583
817
162
981
129
75
88
745
427
24
694
989
92
62
19
721
629
995
938
390
500
849
3
415
923
962
113
875
837
639
995
694
203
313
797
404
308
534
679
903
21
580
129
181
990
795
109
645
828
61
943
190
50
943
972
498
776
544
622
277
472
448
477
368
252
857
354
801
857
956
235
272
782
390
967
193
708
60
1000
702
731
182
51
460
589
668
736
247
353
289
573
761
923
76
510
525
346
54
803
584
283
532
589
432
893
853
396
750
764
355
5
222
737
438
486
518
385
497
310
830
821
934
71
66
379
811
965
231
732
487
153
26
296
581
359
556
555
726
887
626
852
322
186
495
653
111
778
77
520
571
622
347
550
416
160
342
496
103
738
199
343
652
246
21
71
337
699
340
269
196
984
82
808
974
559
206
263
594
745
829
262
614
472
571
171
784
381
858
44
861
184
1000
307
984
158
173
967
696
935
584
968
52
747
456
968
708
52
839
382
775
366
847
21
196
289
453
445
441
489
754
105
795
219
452
210
489
304
906
92
658
292
25
686
529
549
999
467
816
591
185
68
31
310
827
120
297
837
816
580
422
994
306
12
280
676
973
767
672
799
802
610
68
802
638
448
922
236
395
609
663
493
19
278
821
278
10
202
47
430
134
532
829
397
385
916
211
945
683
228
32
883
306
592
533
858
554
629
458
330
355
881
296
628
910
149
376
714
681
661
952
23
743
735
882
654
284
632
324
990
673
118
462
165
658
208
767
535
266
297
147
784
542
672
188
597
123
882
336
696
586
380
614
426
409
518
158
597
272
102
239
359
799
909
82
911
255
837
879
426
308
363
210
512
194
650
247
40
101
928
211
649
745
98
612
151
818
980
156
216
246
728
989
886
995
594
31
323
345
35
349
630
231
205
516
388
624
439
678
712
136
580
490
974
484
553
336
940
497
180
758
552
866
196
309
752
311
774
146
499
34
778
390
911
264
505
846
18
413
666
18
11
325
209
35
590
767
226
834
683
840
825
192
161
643
801
396
272
895
45
883
122
904
891
748
597
178
881
717
703
516
597
190
375
68
865
960
487
339
707
690
486
485
124
556
288
535
897
303
342
652
993
392
689
681
521
183
519
890
832
95
206
63
933
259
853
208
625
149
813
253
276
878
690
425
897
960
165
16
31
652
378
469
697
42
734
771
396
78
802
963
183
821
548
854
69
183
188
92
29
967
50
478
137
665
320
917
80
792
271
1000
554
7
314
987
919
292
400
422
560
204
986
408
333
253
845
215
921
937
378
59
274
544
489
964
896
57
409
247
118
477
611
902
62
630
65
183
240
878
61
906
505
989
419
829
673
719
986
239
659
752
639
868
606
341
1
738
349
647
237
717
875
898
357
299
64
614
800
358
584
827
537
212
89
386
486
945
57
629
77
587
639
33
828
705
85
597
999
363
337
662
370
743
764
640
447
199
452
76
728
623
310
820
655
757
521
703
464
390
171
100
834
823
293
875
730
189
730
894
901
974
876
548
391
899
402
256
103
276
306
9
766
588
204
23
453
129
245
279
392
932
691
721
749
759
299
419
501
773
954
216
439
111
835
15
483
365
351
620
266
656
322
736
819
609
375
725
509
655
64
413
830
272
868
585
241
327
822
67
278
301
758
668
646
945
217
850
212
269
728
364
471
484
120
888
959
996
476
709
878
160
144
583
568
475
709
728
786
843
102
656
909
157
222
77
899
759
905
622
166
604
295
834
923
484
822
535
899
452
879
870
706
557
847
84
189
59
95
582
399
152
464
545
115
442
139
168
569
502
270
491
508
103
299
137
498
567
7
383
367
964
63
778
657
995
850
970
40
55
718
424
228
416
352
602
374
306
493
96
401
417
873
923
969
481
251
611
555
549
806
667
452
229
16
34
308
759
439
116
636
465
13
52
14
951
369
486
610
664
876
796
256
548
50
528
868
545
243
100
888
861
883
387
147
464
293
253
963
779
18
104
196
243
160
737
514
130
967
556
370
927
401
280
676
864
55
691
605
562
255
426
831
23
501
424
475
952
853
109
159
615
368
451
144
421
103
15
271
901
268
880
41
949
977
813
780
35
69
328
401
104
870
919
203
526
838
401
228
162
869
631
409
349
593
580
59
309
141
998
332
648
647
661
941
859
451
852
96
529
134
804
454
718
562
120
337
318
850
728
611
742
146
385
660
247
127
705
501
407
330
892
497
173
19
750
624
986
36
825
186
168
816
984
752
929
21
927
754
382
759
670
887
475
20
928
892
37
216
907
866
261
833
998
273
756
363
320
321
81
215
76
667
693
607
376
955
594
428
732
596
978
535
121
705
933
887
338
755
186
246
653
770
1
417
392
533
231
329
693
510
934
588
213
924
909
791
873
779
666
434
349
776
498
371
234
899
727
592
978
626
268
77
423
941
88
743
364
187
742
293
622
34
656
706
3
751
462
689
410
972
879
895
835
272
631
271
509
653
476
90
738
485
405
60
112
750
923
839
420
652
363
648
449
264
781
464
126
598
199
30
590
880
566
317
571
885
848
313
468
468
284
950
9
404
114
751
885
173
790
818
457
984
596
177
756
546
980
740
713
460
127
127
455
289
996
247
889
301
426
694
940
722
395
68
194
321
288
359
706
452
666
516
595
243
846
173
178
32
284
650
275
790
597
134
685
781
182
225
6
649
237
184
279
342
591
229
363
686
762
953
281
974
353
355
294
494
984
621
716
393
566
387
282
80
522
568
906
22
697
650
919
672
230
948
252
732
951
527
129
763
822
297
957
439
468
141
528
352
1
974
733
621
360
868
784
392
465
690
477
308
23
287
49
252
870
555
875
369
347
229
943
664
96
424
420
558
357
507
65
843
447
36
747
763
638
782
328
527
74
146
307
762
526
263
543
50
21
450
925
387
